1 0.606549190723379 0.438101761923231 0.0990661787984613 0.00178852096343531 1
1 0.538240005844002 0.394292601859123 0.0687430891636381 0.00183389755553924 1
1 0.509716284407848 0.377673996077217 0.060964761748614 0.00152339124972105 1
1 0.52096170926058 0.386027832781578 0.0661506488486239 0.00159218189155281 1
1 0.522289296770063 0.388032493676435 0.0648934242442105 0.00161358990689471 1
1 0.530288594814979 0.394476356791652 0.0725935362586451 0.00148952347715547 1
1 0.520886568140672 0.389655836482001 0.070342311151601 0.00139539769223243 1
1 0.523920728355382 0.392924767562099 0.0709141947679846 0.0013755104811665 1
1 0.509099936541187 0.380353380451681 0.0650658161611782 0.00147217577167166 1
1 0.511556916750057 0.382298117960884 0.0633063741735003 0.0014327744059168 1
1 0.502349863220915 0.375483791787995 0.064162369947855 0.00147896004717824 1
1 0.498841203457759 0.373550192614552 0.0605396802493993 0.00139443064284554 1
1 0.508851057652684 0.377787407489114 0.0636558936459663 0.00143801122453442 1
1 0.49102027382547 0.366092419899204 0.0579730134686354 0.00128452228091866 1
1 0.511334959375301 0.381501113651902 0.0631712992573578 0.00126199334185389 1
1 0.50118117750611 0.374993839821231 0.06193240159894 0.00125186063051159 1
1 0.490820937753732 0.368876547226224 0.0629169184056018 0.00114456334948703 1
1 0.503970071878784 0.372920306857704 0.0518680359168779 0.0016018911463694 1
1 0.504303097431341 0.373508077714393 0.0623534867046978 0.00160800889749003 1
1 0.512669771264144 0.378985764955633 0.0611612031933976 0.00168470498253749 1
1 0.50727066712235 0.378222223855495 0.0589473967884149 0.00167609609262714 1
1 0.429367842789932 0.208507175842512 0.224352206008981 0.00205868295862921 2
1 0.426797686234829 0.198338230333988 0.22323887442936 0.00197698431189478 2
1 0.39913952183886 0.187584819650076 0.20397483148546 0.00199981342292082 2
1 0.412211787866195 0.190684570467816 0.209203145991324 0.0022320178160913 2
1 0.42064919194297 0.200894587863306 0.222600095321959 0.00201830411010523 2
1 0.492487635652172 0.239417766553 0.277264883138238 0.00189590900911595 2
1 0.499126955474815 0.243504617906174 0.284627550453101 0.00188191745267784 2
1 0.50620116559752 0.247770242730005 0.281449715518797 0.00197437775467905 2
1 0.499460133820643 0.243217841373887 0.277228032144984 0.00217347700120505 2
1 0.498195792706882 0.240867459552127 0.275578756384157 0.00190853879349006 2
1 0.502254980891573 0.245641743193655 0.280170146079364 0.00206668431051487 2
1 0.503652347868152 0.24392727937083 0.277952336550079 0.00202026501914642 2
1 0.501337357515154 0.243599416000083 0.279172735651657 0.00202984132410145 2
1 0.494688283992363 0.240750153380864 0.276228070401458 0.00197032568506629 2
1 0.494800981232253 0.252022895419236 0.283149408292309 0.00194723253291208 2
1 0.48894644303887 0.247784486835397 0.278099247629107 0.00174286169147668 2
1 0.4930087981318 0.245097956081114 0.279680220096009 0.00168624751486015 2
1 0.502155502682905 0.252762353478485 0.289339239249492 0.00174169337034509 2
1 0.496610981393519 0.248473950110248 0.284371416299524 0.00179863255652461 2
1 0.481921582834845 0.242415956433573 0.27368238714821 0.00139892417619696 2
1 0.34820884748451 0.157417642987353 0.172325011913532 0.00185309378587418 2
1 0.452674303040961 0.221150465349885 0.253694156015443 0.00177592257924781 2
1 0.467811251765399 0.235360022267855 0.268205109043175 0.00145839364355902 2
1 0.487300737318141 0.242126837079848 0.277984047510675 0.00166091372458762 2
1 0.464461426335845 0.220467275076084 0.253949557541111 0.00193318424108087 2
